FilterProbe/recordings/hw-v1-2026-09-24.wav: anchors 3, 16.628ms/tick

response in dB (normalised to 200-800Hz); columns: 0.5k 1k 2k 3k 4k 5k 6k 7k 8k 9k 10.5k
   0 defaults        L    0.0   -0.6   -2.7   -4.9   -7.2   -9.3  -11.3  -13.0  -14.8  -16.6  -19.8   (fit 0.01)
                     R    0.0   -0.6   -2.6   -4.7   -7.2   -9.3  -11.2  -13.1  -14.8  -16.4  -19.7   (fit 0.01)
   1 80A=00          L    0.1   -0.7   -2.9   -5.1   -7.3   -9.5  -11.3  -13.2  -14.9  -16.8  -20.0   (fit 0.01)
                     R    0.0   -0.7   -2.9   -5.1   -7.3   -9.4  -11.3  -13.0  -14.8  -16.6  -19.7   (fit 0.02)
   2 80A=02          L    0.0   -0.8   -2.7   -4.9   -7.2   -9.3  -11.3  -13.1  -14.8  -16.8  -19.8   (fit 0.01)
                     R    0.0   -0.6   -2.6   -4.8   -7.2   -9.3  -11.1  -13.0  -14.7  -16.6  -19.7   (fit 0.01)
   3 807=01          L    0.0   -0.7   -2.8   -4.9   -7.3   -9.4  -11.4  -13.1  -14.8  -16.7  -19.8   (fit 0.01)
                     R    0.0   -0.6   -2.7   -4.8   -7.3   -9.4  -11.3  -13.1  -14.7  -16.6  -19.7   (fit 0.01)
   4 807=02          L    0.0   -0.6   -2.8   -5.0   -7.2   -9.3  -11.2  -13.2  -14.9  -16.6  -19.8   (fit 0.01)
                     R    0.0   -0.6   -2.6   -4.9   -7.2   -9.3  -11.2  -13.1  -14.8  -16.5  -19.7   (fit 0.01)
   5 807=03          L    0.0   -0.6   -2.7   -4.8   -7.2   -9.4  -11.3  -13.0  -14.8  -16.6  -19.9   (fit 0.01)
                     R    0.0   -0.7   -2.7   -4.7   -7.3   -9.4  -11.3  -13.0  -14.9  -16.5  -19.9   (fit 0.01)
   6 802=00          L    0.0   -0.7   -2.9   -5.2   -7.3   -9.4  -11.4  -13.2  -15.0  -16.9  -19.9   (fit 0.01)
                     R    0.0   -0.6   -2.8   -5.0   -7.2   -9.4  -11.3  -13.1  -14.8  -16.6  -19.8   (fit 0.02)
   7 802=1F          L    0.0   -0.6   -2.6   -4.8   -7.1   -9.3  -11.2  -13.0  -14.8  -16.7  -19.7   (fit 0.01)
                     R    0.0   -0.6   -2.5   -4.8   -7.2   -9.3  -11.2  -13.0  -14.7  -16.6  -19.8   (fit 0.02)
   8 F08=80          L    0.0   -0.7   -2.8   -4.9   -7.4   -9.5  -11.4  -13.2  -14.9  -16.8  -20.0   (fit 0.01)
                     R    0.1   -0.6   -2.8   -4.8   -7.2   -9.4  -11.3  -13.1  -14.8  -16.7  -19.8   (fit 0.01)
   9 0F^b7           L    0.0   -0.7   -2.8   -4.9   -7.1   -9.3  -11.6  -15.4  -29.8  -42.1  -57.1   (fit 0.02)
                     R    0.0   -0.6   -2.6   -4.9   -7.0   -9.3  -11.5  -15.3  -30.0  -42.4  -59.3   (fit 0.02)
  10 0F^b6           L    0.0   -0.7   -2.8   -4.9   -7.2   -9.3  -11.2  -13.2  -14.9  -16.7  -19.9   (fit 0.01)
                     R    0.0   -0.6   -2.6   -4.8   -7.1   -9.3  -11.2  -13.0  -14.7  -16.5  -19.7   (fit 0.01)
  11 0F^b5           L    0.0   -0.8   -2.9   -5.1   -7.3   -9.4  -11.3  -13.2  -15.0  -16.8  -19.9   (fit 0.01)
                     R    0.0   -0.6   -2.7   -5.0   -7.1   -9.4  -11.4  -13.1  -14.8  -16.6  -19.7   (fit 0.01)
  12 0F^b4           L    0.0   -0.8   -2.9   -5.0   -7.3   -9.4  -11.4  -13.2  -14.9  -16.8  -19.9   (fit 0.01)
                     R    0.0   -0.7   -2.8   -5.0   -7.2   -9.4  -11.3  -13.2  -14.8  -16.6  -19.8   (fit 0.02)
  13 0F^b1           L    0.0   -0.7   -2.9   -5.1   -7.3   -9.4  -11.4  -13.2  -15.0  -16.8  -20.0   (fit 0.01)
                     R    0.0   -0.6   -2.8   -4.9   -7.2   -9.4  -11.3  -13.0  -14.7  -16.6  -19.7   (fit 0.01)
  14 0F^b0           L    0.0   -0.7   -2.8   -5.0   -7.4   -9.5  -11.4  -13.2  -15.0  -16.7  -19.8   (fit 0.01)
                     R    0.0   -0.6   -2.9   -5.0   -7.3   -9.5  -11.2  -13.1  -14.8  -16.6  -19.8   (fit 0.01)
  15 0C^b6           L    0.0   -0.7   -2.8   -5.0   -7.3   -9.4  -11.3  -13.2  -14.9  -16.7  -19.8   (fit 0.01)
                     R    0.1   -0.6   -2.9   -4.9   -7.2   -9.4  -11.2  -13.1  -14.8  -16.6  -19.7   (fit 0.01)
  16 0C^b5           L    0.0   -0.7   -2.8   -4.9   -7.4   -9.5  -11.4  -13.2  -14.9  -16.8  -19.9   (fit 0.01)
                     R    0.0   -0.6   -2.8   -5.0   -7.2   -9.4  -11.2  -13.2  -14.8  -16.7  -19.8   (fit 0.01)
  17 0C^b4           L    0.0   -0.7   -2.8   -4.9   -7.4   -9.5  -11.4  -13.2  -14.9  -16.7  -19.9   (fit 0.01)
                     R    0.1   -0.6   -2.8   -4.9   -7.2   -9.4  -11.3  -13.1  -14.7  -16.6  -19.7   (fit 0.01)
  18 0D^b4           L    0.0   -0.7   -2.9   -4.9   -7.4   -9.5  -11.4  -13.2  -14.9  -16.7  -19.9   (fit 0.01)
                     R    0.0   -0.5   -2.8   -5.0   -7.2   -9.4  -11.2  -13.1  -14.8  -16.6  -19.8   (fit 0.01)
  19 0D^b5           L    0.0   -0.7   -2.9   -4.9   -7.4   -9.5  -11.4  -13.2  -14.9  -16.8  -19.9   (fit 0.01)
                     R    0.1   -0.6   -2.8   -4.8   -7.2   -9.4  -11.3  -13.1  -14.8  -16.6  -19.7   (fit 0.01)
  20 0E^b6           L    0.0   -0.7   -2.8   -4.9   -7.4   -9.5  -11.4  -13.2  -14.9  -16.7  -20.0   (fit 0.01)
                     R    0.1   -0.6   -2.8   -4.8   -7.2   -9.4  -11.3  -13.1  -14.8  -16.7  -19.8   (fit 0.01)
  21 02^b7           L    0.0   -0.7   -2.8   -4.9   -7.3   -9.5  -11.4  -13.2  -14.9  -16.7  -19.9   (fit 0.01)
                     R    0.1   -0.6   -2.7   -4.8   -7.2   -9.4  -11.3  -13.1  -14.8  -16.7  -19.7   (fit 0.01)
  22 mode 1          L    0.0   -0.7   -2.8   -5.0   -7.2   -9.3  -11.2  -13.2  -14.9  -16.6  -19.8   (fit 0.01)
                     R    0.0   -0.6   -2.6   -4.9   -7.2   -9.3  -11.1  -13.1  -14.8  -16.6  -19.8   (fit 0.01)
  23 mode 2          L    0.0   -0.6   -2.8   -5.0   -7.3   -9.3  -11.3  -13.2  -14.9  -16.6  -19.8   (fit 0.01)
                     R    0.0   -0.6   -2.6   -4.8   -7.2   -9.3  -11.3  -13.1  -14.8  -16.6  -19.7   (fit 0.01)
  24 mode 3          L    0.0   -0.7   -2.8   -4.9   -7.3   -9.3  -11.2  -13.2  -14.9  -16.6  -19.8   (fit 0.01)
                     R    0.0   -0.6   -2.6   -4.9   -7.2   -9.3  -11.2  -13.1  -14.8  -16.7  -19.8   (fit 0.01)
  25 mode 4          L    0.0   -0.7   -2.8   -4.9   -7.2   -9.3  -11.3  -13.2  -14.9  -16.7  -20.0   (fit 0.01)
                     R    0.0   -0.6   -2.6   -4.8   -7.1   -9.3  -11.2  -13.0  -14.7  -16.6  -19.7   (fit 0.01)
  26 defaults again  L    0.0   -0.8   -2.8   -4.9   -7.2   -9.3  -11.3  -13.1  -14.9  -16.7  -19.9   (fit 0.01)
                     R    0.0   -0.6   -2.6   -4.9   -7.2   -9.3  -11.3  -13.1  -14.7  -16.6  -19.8   (fit 0.01)

part 2: 441Hz in FIFO A, 612.5Hz in FIFO B (levels dBFS)
  normal     left: 441  -12.3  612.5  -66.7   right: 441  -66.4  612.5  -12.4
  recording  left: 441  -12.3  612.5  -68.0   right: 441  -67.4  612.5  -12.4
